$ 65 3.90625e-8 382.76258214399064 74 5 50 5e-11
R 944 416 896 416 0 2 60 2.5 2.5 0 0.5
s 1136 432 1216 432 0 1 false
g 1744 544 1744 576 0 0
r 1632 432 1744 432 0 20000
z 1744 544 1744 432 2 default-zener
w 1744 432 1744 304 0
w 1744 432 1776 432 0
O 2112 448 2288 448 1 1
O 1136 432 1136 336 1 0
R 1744 224 1744 176 0 0 40 5 0 0 0.5
i 1744 224 1744 304 0 0.0000014
i 1872 208 1872 384 0 0.0000037
R 1872 208 1872 176 0 0 40 5 0 0 0.5
c 1440 432 1440 512 0 1.0000000000000001e-7 0.9710208567731775 0.001
d 1312 432 1440 432 2 default
r 1216 432 1312 432 0 100
g 1440 512 1440 544 0 0
r 1504 432 1504 512 0 100000
w 1440 432 1504 432 0
g 1504 512 1504 544 0 0
w 1504 432 1632 432 0
R 944 448 848 448 0 2 400000 2.5 2.5 0 0.5
150 944 432 1056 432 0 2 0 5
w 1056 432 1136 432 0
a 1984 448 2112 448 9 5 0 1000000 1.2 1.0695921512022513 100000
R 1984 464 1920 464 0 0 40 1.2 0 0 0.5
w 1872 432 1984 432 0
w 1872 384 1872 432 0
w 1776 432 1872 432 0
O 1872 528 2048 528 1 1
w 1872 432 1872 528 0
b 2377 99 1594 658 0
b 784 112 1316 714 0
o 8 128 0 x81012 5 0.1 0 3 1.25 -66 29 0 1.25 0 7 0 1.25 0
